# 15 de enero de 2019
#Primera modificacion
vector<-c(1,3,5,23,47)
a=33
